useruser : ([0.24817500000000001, 0.2397125, 0.2397125, 0.24457499999999999, 0.24892500000000001], 0.24422000000000002)
itemitem : ([0.269625, 0.27131250000000001, 0.26401249999999998, 0.260075, 0.25841249999999999], 0.26468750000000002)

